52923 52923 52923 52923 52923 52923 52923 52923 52923 52923 52923 52923 52923 52923 52923 52923 52923 52923 52923 52923
34717 34717 34717 34717 34717 34717 34717 34717 34717 34717 34717 34717 34717 34717 34717 34717 34717 34717 34717 34717
53244 53244 53244 53244 53244 53244 53244 53244 53244 53244 53244 53244 53244 53244 53244 53244 53244 53244 53244 53244
38555 38555 38555 38555 38555 38555 38555 38555 38555 38555 38555 38555 38555 38555 38555 38555 38555 38555 38555 38555
49838 49838 49838 49838 49838 49838 49838 49838 49838 49838 49838 49838 49838 49838 49838 49838 49838 49838 49838 49838
59261 59261 59261 59261 59261 59261 59261 59261 59261 59261 59261 59261 59261 59261 59261 59261 59261 59261 59261 59261
35996 35996 35996 35996 35996 35996 35996 35996 35996 35996 35996 35996 35996 35996 35996 35996 35996 35996 35996 35996
49702 49702 49702 49702 49702 49702 49702 49702 49702 49702 49702 49702 49702 49702 49702 49702 49702 49702 49702 49702
47586 47586 47586 47586 47586 47586 47586 47586 47586 47586 47586 47586 47586 47586 47586 47586 47586 47586 47586 47586
53866 53866 53866 53866 53866 53866 53866 53866 53866 53866 53866 53866 53866 53866 53866 53866 53866 53866 53866 53866
54415 54415 54415 54415 54415 54415 54415 54415 54415 54415 54415 54415 54415 54415 54415 54415 54415 54415 54415 54415
45647 45647 45647 45647 45647 45647 45647 45647 45647 45647 45647 45647 45647 45647 45647 45647 45647 45647 45647 45647
67835 67835 67835 67835 67835 67835 67835 67835 67835 67835 67835 67835 67835 67835 67835 67835 67835 67835 67835 67835
54655 54655 54655 54655 54655 54655 54655 54655 54655 54655 54655 54655 54655 54655 54655 54655 54655 54655 54655 54655
31419 31419 31419 31419 31419 31419 31419 31419 31419 31419 31419 31419 31419 31419 31419 31419 31419 31419 31419 31419
49148 49148 49148 49148 49148 49148 49148 49148 49148 49148 49148 49148 49148 49148 49148 49148 49148 49148 49148 49148
61436 61436 61436 61436 61436 61436 61436 61436 61436 61436 61436 61436 61436 61436 61436 61436 61436 61436 61436 61436
49028 49028 49028 49028 49028 49028 49028 49028 49028 49028 49028 49028 49028 49028 49028 49028 49028 49028 49028 49028
56206 56206 56206 56206 56206 56206 56206 56206 56206 56206 56206 56206 56206 56206 56206 56206 56206 56206 56206 56206
47686 47686 47686 47686 47686 47686 47686 47686 47686 47686 47686 47686 47686 47686 47686 47686 47686 47686 47686 47686
