29 65 70 56 98 31 4 76 70 11 17 51 36 39 35 43 96 89 10 26
93 89 75 54 26 47 48 46 49 92 7 64 5 27 75 7 1 41 44 19
86 29 98 87 20 24 53 26 74 63 42 38 11 45 99 4 50 92 68 65
78 86 66 8 41 44 21 33 8 45 37 39 46 64 6 4 27 23 28 63
9 20 20 96 6 67 94 39 89 35 80 46 55 25 66 36 62 67 16 76
25 42 65 63 87 89 28 65 80 12 93 18 72 97 46 62 84 92 16 41
91 35 35 60 36 15 77 91 56 3 91 88 27 85 59 9 99 49 78 88
98 9 69 25 55 48 99 12 29 79 80 32 31 32 92 71 55 27 21 19
53 17 90 24 7 50 88 58 36 74 15 6 56 58 25 65 70 33 62 33
41 51 40 38 94 54 21 14 68 2 93 93 93 97 64 57 80 68 97 61
85 93 71 98 98 58 54 26 23 67 84 13 75 52 35 5 86 60 2 65
66 45 84 27 43 40 6 62 47 60 52 76 14 17 7 66 89 85 43 18
28 49 92 77 70 56 53 67 96 22 84 4 46 59 14 30 62 95 87 79
72 67 68 29 81 71 46 7 34 44 98 82 41 9 62 64 52 18 63 43
13 8 61 28 49 24 8 36 1 4 23 88 35 83 21 30 77 4 93 12
95 14 84 9 59 63 26 86 24 54 38 21 5 33 67 94 20 24 54 94
69 95 9 94 98 3 67 47 38 40 97 69 61 39 86 53 47 63 29 70
92 18 40 2 46 70 54 13 100 48 53 98 50 91 100 20 36 49 74 96
77 78 40 94 69 65 33 43 83 69 58 26 68 61 80 30 94 44 64 39
89 77 63 5 70 7 5 47 56 50 58 46 29 83 72 8 56 32 100 23
