35 51 83 32 22 16 27 19 85 83 18 19 14 10 56 75 77 59 73 83
88 7 60 61 74 3 49 1 27 88 46 23 50 28 2 25 47 94 61 7
36 16 50 42 53 51 17 20 32 45 83 60 85 8 42 45 72 60 11 41
95 38 24 53 36 49 10 14 5 67 60 19 55 57 76 33 93 89 39 64
37 50 19 81 96 49 14 11 21 68 81 57 77 38 31 86 29 72 15 90
77 93 86 76 65 14 52 100 95 53 23 79 96 39 22 35 23 99 32 14
49 21 48 4 10 68 32 15 90 20 26 11 83 94 26 12 100 53 3 46
38 5 74 82 39 15 29 71 65 11 46 15 65 67 74 89 20 99 80 55
98 43 76 19 62 46 49 78 45 27 26 60 99 46 35 84 59 8 53 15
22 85 93 80 80 22 43 93 35 13 20 66 36 96 61 95 26 36 68 73
6 83 58 21 37 89 22 74 72 11 35 23 9 92 3 49 33 19 19 41
44 17 5 89 78 57 14 94 84 26 7 16 37 75 63 34 26 53 100 98
63 85 96 50 42 18 99 87 77 8 90 1 27 24 57 47 31 26 18 72
83 53 90 60 46 60 6 98 17 63 62 61 34 95 72 52 22 51 77 39
47 4 2 82 10 77 75 53 91 77 71 79 72 56 47 12 100 32 16 45
88 66 74 38 98 72 76 30 36 73 7 97 11 75 97 83 41 43 59 20
54 69 7 52 83 59 78 86 25 78 35 92 17 46 10 8 69 69 28 99
27 52 74 63 32 90 13 66 47 40 67 46 85 3 94 22 51 49 79 1
45 35 8 12 4 95 10 17 41 7 7 12 26 77 12 3 18 14 85 13
32 65 47 3 84 20 8 6 45 15 7 77 79 20 87 13 42 3 45 29
